model_exp_cbnn1b_7800
     0    1    2    3    4    5    6    7    8    9   10   11   12   13
[[ 906    0    0  147    0   20    0    3    0    0    0   55    0    1]
 [   6  606    0   16   79    0    0    1    0    0    0    7    0    0]
 [  15    4  864   13    0    0    0    6    0    0   19    0    0    0]
 [   0    0    0 1041    0    2    0  100    0    0    3   39    5    0]
 [   2    0    0    3  716    1    0    0    0    0    0    4    0    0]
 [   0    1    0    6    0  971    0   16    0    0    0   20    0    0]
 [   0    0    0    0    0    0 1080    1    1    0    0    1    0    0]
 [   0    0    0    3    0    0    2 1003    0    0    0    4    0    0]
 [   0    0    0    8    0    0    0  283  433    0    0   10   80    0]
 [   0    0    0    0    0    0    1    1    0  806   74    0   20    0]
 [   0    0    0    0    0    0   10    0    0    7 1014    0    0    1]
 [   1    2    0    0    8    0    0    1    2    0    0  751    0    0]
 [   0    0    0    0    0    0    1   30    3    0    1    3  975    0]
 [   0    0    0    0    0    0    0    0    0    0    1    0    0 1092]]
accuracy 0.9139576498657919
total 12258 13412

[0.80035336, 0.84755245, 0.93811075, 0.87478992, 0.9862259 ,
       0.95759369, 0.99722992, 0.99110672, 0.53194103, 0.89356984,
       0.98255814, 0.98169935, 0.96248766, 0.99908509]


model_exp_cbnn2_7800
     0    1    2    3    4    5    6    7    8    9   10   11   12   13
[[1027    1    0   56    0    1    3    8    0    0   21   14    0    1]
 [ 155  556    0    1    0    0    0    2    0    0    0    1    0    0]
 [   5    0  846    4    0    0    0    6    0    0   60    0    0    0]
 [   1    0    5 1008    0    0    5  154    0    0   10    1    6    0]
 [  13    0    1    3  706    1    0    0    0    0    1    1    0    0]
 [  42    1    0    3    0  890    0   19    0    0   58    1    0    0]
 [   0    0    0    0    0    0 1083    0    0    0    0    0    0    0]
 [   0    0    0    1    0    0   15  983    0    0   11    0    2    0]
 [   0    0    0    3    0    0    6  306  200    0    5    0  294    0]
 [   0    0    0    0    0    0    8    0    0  783  109    0    2    0]
 [   0    0    0    0    0    0    7    0    0    2 1018    0    0    5]
 [   2    3    0    3    7    0    0    1    0    0   56  693    0    0]
 [   0    0    0    0    0    0    3    0    0    0    5    0 1005    0]
 [   0    0    0    0    0    0    0    0    0    0    1    0    0 1092]]
accuracy 0.8865195347450044
total 11890 13412

[0.90724382, 0.77762238, 0.91856678, 0.84705882, 0.97245179,
       0.87771203, 1.        , 0.97134387, 0.24570025, 0.86807095,
       0.98643411, 0.90588235, 0.99210267, 0.99908509]

model_exp_cbnn3_7800
     0    1    2    3    4    5    6    7    8    9   10   11   12   13
[[ 823    0    2  242    2   16   12    1    0    0    3   30    0    1]
 [   5  448    2   13  238    0    7    1    0    0    0    1    0    0]
 [   3    0  875    3    0    0    4    3    0    0   33    0    0    0]
 [   0    0   21 1029    0    0    1   53    8    0    1   70    7    0]
 [   3    1    1    2  710    1    0    0    1    0    0    7    0    0]
 [   0    0    0   26    1  931    0   39    0    0   14    3    0    0]
 [   0    0    0    0    0    0 1083    0    0    0    0    0    0    0]
 [   0    0    0    3    0    0   18  991    0    0    0    0    0    0]
 [   0    0    0    5    0    0   14  458  306    0    0    1   30    0]
 [   0    0    0    0    0    0   76    1    1  817    6    0    1    0]
 [   0    0    0    0    0    0   40    0    0    7  985    0    0    0]
 [   0    0    1    3   16    0   24    2    1    0    5  713    0    0]
 [   0    0    0    0    0    0    2    3    1    0    1    2 1004    0]
 [   0    0    0    0    0    0    0    0    0    0    1    0    0 1092]]
accuracy 0.88033104682374
total 11807 13412

[0.7270318 , 0.62657343, 0.95005429, 0.86470588, 0.97796143,
       0.91814596, 1.        , 0.97924901, 0.37592138, 0.90576497,
       0.95445736, 0.93202614, 0.9911155 , 0.99908509]

model_exp_cbnn3_d0.5_0.4_7800
    0    1    2    3    4    5    6    7    8    9   10   11   12   13
[[ 874    0    0  120    2   89    0    6    0    0    2   38    0    1]
 [  49  510    1    6  146    0    0    2    0    0    0    1    0    0]
 [   3    0  819    4    0    0    2    4    0    0   88    0    1    0]
 [   0    0    9 1096    0    0    0   46   14    0    1    2   22    0]
 [  15    1    1    2  693    3    0    0    0    0    0   11    0    0]
 [   0    1    0    4    0  909    0   13    1    0    3    0   83    0]
 [   3    0    0    0    0    0 1078    1    1    0    0    0    0    0]
 [   0    0    0    2    0    0    1  900    5    0    2    0  102    0]
 [   0    0    0    3    0    0    1   53  419    0    2    0  336    0]
 [   0    0    0    0    0    0    0    0    1  794   90    0   17    0]
 [   0    0    0    0    0    0    4    0    0    2 1022    0    0    4]
 [   1    2    1    2   12    0    0    1    2    0   19  725    0    0]
 [   0    0    0    0    0    0    0    0    3    0    1    0 1009    0]
 [   0    0    0    0    0    0    0    0    0    0    1    0    0 1092]]
accuracy 0.8902475395168505
total 11940 13412
[0.77208481, 0.71328671, 0.88925081, 0.9210084 , 0.95454545,
       0.8964497 , 0.99538319, 0.88932806, 0.51474201, 0.88026608,
       0.99031008, 0.94771242, 0.99605133, 0.99908509]


model_exp_cbnn3_d0.4_0.3_7800
     0    1    2    3    4    5    6    7    8    9   10   11   12   13
[[ 951    1    6   45    0   88    2    2    0    0   12   23    1    1]
 [   3  561    3    0  146    0    0    1    0    0    0    1    0    0]
 [   8    1  802    1    0    0    0    1    0    0  105    0    3    0]
 [   1    3   22 1013    0    1    0  111    4    0   10    9   16    0]
 [  11   11    4    1  688    1    1    0    1    0    1    7    0    0]
 [   0    1    0    1    1  910    0   50    1    0   10    0   40    0]
 [   1    0    0    0    0    0 1081    0    1    0    0    0    0    0]
 [   0    0    0    0    0    0    8  910   62    0    0    0   32    0]
 [   0    0    0    1    0    0    4   93  481    0    0    0  235    0]
 [   0    0    0    0    0    0    3    0    6  794   13    0   86    0]
 [   0    0    0    0    0    0   21    0    0    4 1005    0    0    2]
 [   0    5    2    0   12    0   40    3    2    0   11  690    0    0]
 [   0    0    0    0    0    0    0    0    5    0    1    0 1007    0]
 [   0    0    0    0    0    0    0    0    0    0    1    0    0 1092]]
accuracy 0.8936027438115121
total 11985 13412
[.84010601, 0.78461538, 0.87079262, 0.8512605 , 0.9476584 ,
       0.8974359 , 0.99815328, 0.89920949, 0.59090909, 0.88026608,
       0.97383721, 0.90196078, 0.994077  , 0.99908509]

model_exp_cbnn3_d0.4_0.5_7800
     0    1    2    3    4    5    6    7    8    9   10   11   12   13
[[ 899    1    0  177    0   12    0    5    0    0    0   37    0    1]
 [  20  542    0    1  150    0    0    1    0    0    0    1    0    0]
 [   4    0  850    4    0    0    1    3    0    0   58    0    1    0]
 [   0    0   16 1114    0    1    5   30    0    0   11    6    7    0]
 [   4    1    2    1  710    2    0    0    0    0    0    6    0    0]
 [   1    1    0   19    0  935    0   16    1    0   39    0    2    0]
 [   3    1    0    0    0    0 1077    2    0    0    0    0    0    0]
 [   0    0    0    2    0    0    1  999    0    0    3    0    7    0]
 [   0    0    0    6    0    0    3  225  384    0    3    0  193    0]
 [   0    0    0    0    0    0    0    0    1  777  101    0   23    0]
 [   0    0    0    0    0    0    1    0    0    3 1018    0    0   10]
 [   0    4    1    1   15    0    0    1    1    0   16  726    0    0]
 [   0    0    0    0    0    0    0    2    1    0    1    0 1009    0]
 [   0    0    0    0    0    0    0    0    0    0    0    0    0 1093]]
accuracy 0.9046376379361766
total 12133 13412
[0.79416961, 0.75804196, 0.92290988, 0.93613445, 0.97796143,
       0.92209073, 0.99445983, 0.98715415, 0.47174447, 0.86141907,
       0.98643411, 0.94901961, 0.99605133, 1.        ]

model_exp_cbnn1_d0.5_0.4_7800
   0    1    2    3    4    5    6    7    8    9   10   11   12   13
[[1009    0    0   58    0    6    0    8    1    0    8   41    0    1]
 [ 159  509    0    9    3    0   33    1    0    0    0    1    0    0]
 [  15   16  831    3    2    0    0    6    0    0   48    0    0    0]
 [   2    1    2 1029    1    3    1  116   17    0    0   12    6    0]
 [   2    1    1    0  704    0    0    1    0    0    1   16    0    0]
 [  23    1    0    2    0  903    1    9    0    0   75    0    0    0]
 [   0    0    0    0    0    0 1082    0    1    0    0    0    0    0]
 [   0    0    0    1    0    0    8  971    1    0    4   12   15    0]
 [   0    0    0    2    0    0    4  179  358    0    2    1  268    0]
 [   0    0    0    0    0    0    2    0    0  790   81    0   29    0]
 [   0    0    0    0    0    0   32    0    0    3  989    0    1    7]
 [   2    0    0    2    5    0    2    1    1    0   14  738    0    0]
 [   0    0    0    0    0    0    0    0    0    0    0    1 1012    0]
 [   0    0    0    0    0    0    0    0    0    0    0    0    0 1093]]
accuracy 0.8960632269609305
total 12018 13412
0.89134276, 0.71188811, 0.90228013, 0.86470588, 0.96969697,
       0.89053254, 0.99907664, 0.95948617, 0.43980344, 0.87583149,
       0.95833333, 0.96470588, 0.99901283, 1.        ])

model_exp_cbnn1_d0.4_0.3_7800
     0    1    2    3    4    5    6    7    8    9   10   11   12   13
[[ 982    0    0   63   14    5    0   22    0    0    1   43    1    1]
 [ 181  492    1    0   35    0    1    4    0    0    0    1    0    0]
 [   9    4  821    3   14    0    1    4    0    0   64    0    1    0]
 [   0    0   10  972    3    1    0  186    0    0    0    7   11    0]
 [   0    0    1    0  711    1    0    2    0    0    1   10    0    0]
 [   1    1    0    0    0  932    0   65    0    0   12    0    3    0]
 [   0    1    0    0    0    0 1082    0    0    0    0    0    0    0]
 [   0    0    0    0    0    0    3 1003    1    0    0    0    5    0]
 [   0    0    0    1    0    0    4  433  350    0    0    0   26    0]
 [   0    0    0    0    0    0   60    1    2  800   38    0    1    0]
 [   0    0    0    0    0    0   42    0    0    4  986    0    0    0]
 [   1    0    0    0    7    0    2    1    1    0    4  749    0    0]
 [   0    0    0    0    0    0    0    2    1    0    0    0 1010    0]
 [   0    0    0    0    0    0    0    0    0    0    1    0    0 1092]]
accuracy 0.8933790635252014
total 11982 13412
[0.86749117, 0.68811189, 0.89142237, 0.81680672, 0.97933884,
       0.91913215, 0.99907664, 0.99110672, 0.42997543, 0.88691796,
       0.95542636, 0.97908497, 0.9970385 , 0.99908509]

model_exp_cbnn1_d0.4_0.5_7800
    0    1    2    3    4    5    6    7    8    9   10   11   12   13
[[ 871    0    0  184    1   14    2    4    0    0    2   52    1    1]
 [   1  504    0    4  200    0    3    2    0    0    0    1    0    0]
 [  12    3  855    4    0    0    2    4    0    0   40    0    1    0]
 [   0    0    1  984    0    4   72   66    6    0    2   35   20    0]
 [   2    1    1    1  709    2    0    0    0    0    0   10    0    0]
 [   0    1    0    2    1  952    0   28    1    0   13   15    1    0]
 [   1    0    0    0    0    0 1079    0    2    0    0    1    0    0]
 [   0    0    0    2    0    0    5  971    0    0    1    1   32    0]
 [   0    0    0    2    0    0    3  191  466    0    2    1  149    0]
 [   0    0    0    0    0    0    0    0    1  825   56    0   20    0]
 [   0    0    0    0    0    0    5    0    0    5 1022    0    0    0]
 [   0    0    0    2   11    5    0    1    1    0    5  740    0    0]
 [   0    0    0    0    0    0    1    4    8    0    1    2  997    0]
 [   0    0    0    0    0    0    0    0    0    0    1    0    0 1092]]
accuracy 0.8997166716373397
total 12067 13412
[0.76943463, 0.7048951 , 0.92833876, 0.82689076, 0.97658402,
       0.93885602, 0.99630656, 0.95948617, 0.57248157, 0.91463415,
       0.99031008, 0.96732026, 0.98420533, 0.99908509]

model_exp_cbnn1_d0.5_0.4_re_7800
     0    1    2    3    4    5    6    7    8    9   10   11   12   13
[[ 985    0    0   23    2    8   23   16    0    0   70    0    0    5]
 [ 387  300    0    4    4    0   18    2    0    0    0    0    0    0]
 [   5    0  855    3    0    1    0    2    0    0   50    0    1    4]
 [   0    2    0 1009    0    0   62    7    0    8    7    0    4   91]
 [   0    2    0    0  715    0    0    0    0    0    0    9    0    0]
 [   1    1    0    4    0  979    3   22    0    0    2    0    2    0]
 [   0    0    0    0    0    0 1083    0    0    0    0    0    0    0]
 [   0    0    0    0    0    0   35  945    9    0   19    0    4    0]
 [   0    0    0    2    0    2    2   59  353    0    3    0  393    0]
 [   0    0    0    0    0    0    0   76    0  803   21    0    2    0]
 [   0    0    0    0    0    0   31    0    0    3  993    0    0    5]
 [   2    1    0    0   44    0    1    0    0    0    1  714    2    0]
 [   0    0    0    0    0    1    0    2    0    0    3    0 1007    0]
 [   0    0    0    0    0    0    0    0    0    0    0    0    0 1093]]
accuracy 0.8823441694005368
total 11834 13412
[0.87014134, 0.41958042, 0.92833876, 0.84789916, 0.98484848,
       0.96548323, 1.        , 0.93379447, 0.43366093, 0.8902439 ,
       0.9622093 , 0.93333333, 0.994077  , 1.        ]

model_exp_cbnn1_d0.5_0.4_rc_re_7800
     0    1    2    3    4    5    6    7    8    9   10   11   12   13
[[ 990    0    0   39    0    1   41   33    0    0   19    3    0    6]
 [ 227  349    1   51    3    0   83    1    0    0    0    0    0    0]
 [   5    0  851    3    0    1    1    1    0    0   56    0    0    3]
 [   0    0    1 1044    0    0   65    5    0    3    3    0    5   64]
 [   0    1    0    0  707    0    0    1    0    0    0   17    0    0]
 [   0    2    0    9    0  981    6   10    0    0    0    0    6    0]
 [   0    0    0    0    0    0 1083    0    0    0    0    0    0    0]
 [   3    0    0    0    0    0   31  943    2    0   23    0    8    2]
 [   0    0    0    4    0    1    2   26  319    0    8    0  453    1]
 [   0    0    0    0    0    0    0   27    0  834   39    0    2    0]
 [   0    0    0    0    0    0   23    0    0    1 1004    0    0    4]
 [   1    1    0    1   22    0    1    0    0    0    1  736    2    0]
 [   0    0    0    0    0    0    0    0    0    0    3    0 1010    0]
 [   0    0    0    0    0    0    0    0    0    0    0    0    0 1093]]
accuracy 0.8905457798985983
total 11944 13412
[0.8745583 , 0.48811189, 0.92399566, 0.87731092, 0.9738292 ,
       0.96745562, 1.        , 0.93181818, 0.39189189, 0.92461197,
       0.97286822, 0.9620915 , 0.9970385 , 1.        ]

model_exp_cbnn1_d0.5_0.4_rc_7800
     0    1    2    3    4    5    6    7    8    9   10   11   12   13
[[1007    0    0  106    1    2    0    7    0    0    6    2    0    1]
 [ 237  466    0    7    3    0    1    1    0    0    0    0    0    0]
 [  37    0  862    7    1    0    0    4    0    0   10    0    0    0]
 [   0    5    0 1143    0    1    1   26    0    0   12    0    2    0]
 [   0    2    0    0  715    1    0    0    0    0    0    8    0    0]
 [   2    2    0   38    0  970    0    1    0    0    1    0    0    0]
 [   0    0    0    0    0    0 1082    0    0    0    1    0    0    0]
 [   0    0    0    2    0    0    2  991    0    0   13    0    4    0]
 [   0    0    0    2    0    1    1  125  308    0   15    0  362    0]
 [   0    0    0    0    0    0    0    9    0  854   38    0    1    0]
 [   0    0    0    0    0    0   13    0    0    0 1017    0    0    2]
 [   2    2    0    0   19    4    0    0    0    0    1  734    3    0]
 [   0    0    0    0    0    0    0    5    0    0    4    0 1004    0]
 [   0    0    0    0    0    0    0    0    0    0    1    0    0 1092]]
accuracy 0.9129883686251118
total 12245 13412

[0.88957597, 0.65174825, 0.9359392 , 0.9605042 , 0.98484848,
       0.9566075 , 0.99907664, 0.97924901, 0.37837838, 0.94678492,
       0.98546512, 0.95947712, 0.9911155 , 0.99908509]


model_exp_cbnn1_last_bn7800
    0    1    2    3    4    5    6    7    8    9   10   11   12   13
[[1083   29    0    0   20    0    0    0    0    0    0    0    0    0]
 [  90  618    0    0    7    0    0    0    0    0    0    0    0    0]
 [  28    6  885    0    2    0    0    0    0    0    0    0    0    0]
 [  16   32   19  934  189    0    0    0    0    0    0    0    0    0]
 [   2    2    0    0  722    0    0    0    0    0    0    0    0    0]
 [   4    2    0    0    0 1008    0    0    0    0    0    0    0    0]
 [   8    6    0    0    0    0 1069    0    0    0    0    0    0    0]
 [   1    0    0    0    0    0    0 1011    0    0    0    0    0    0]
 [   0    2    0    0    0    0    0  137  550    0    0    0  125    0]
 [   1    0    0    0    0    0    0   14    1  886    0    0    0    0]
 [   0    0    0    0    0    0    0    0    0    0 1032    0    0    0]
 [   0    1    0    0    0    0    0    0    0    0    0  764    0    0]
 [   0    0    0    0    0    0    0    0    0    0    0    0 1013    0]
 [   1    0    0    0    0    0    0    0    0    0    0    0    0 1092]]
accuracy 0.9444527288994929
total 12667 13412
[0.95671378, 0.86433566, 0.96091205, 0.78487395, 0.99449036,
       0.99408284, 0.98707295, 0.99901186, 0.67567568, 0.98226164,
       1.        , 0.99869281, 1.        , 0.99908509]


model_exp_cbnn3_d0.5_0.4_rc_7800
    0    1    2    3    4    5    6    7    8    9   10   11   12   13
[[1037    0    0   85    2    1    4    0    0    0    1    0    1    1]
 [  45  625    0   43    0    0    1    1    0    0    0    0    0    0]
 [  11    0  879    9    0    0    0    2    0    0   19    1    0    0]
 [   0    0    0 1129    2    1   35    1    0    0   12    5    5    0]
 [   0    2    0    0  719    3    0    0    0    0    0    2    0    0]
 [   1    1    0   49    0  961    0    2    0    0    0    0    0    0]
 [   0    0    0    0    0    0 1083    0    0    0    0    0    0    0]
 [   1    0    0    6    0    0    4  984    0    0   15    0    2    0]
 [   0    0    0   13    0    1    1  151  429    0    3    0  216    0]
 [   0    0    0    0    0    0    2    6    0  864   25    0    4    1]
 [   0    0    0    0    0    0    9    0    0    1 1014    0    0    8]
 [   0    3    0    1   26   10    0    0    0    0    2  723    0    0]
 [   0    0    0    0    0    0    0    0    1    0    0    0 1012    0]
 [   0    0    0    0    0    0    0    0    0    0    0    0    0 1093]]
accuracy 0.9358783179242469
total 12552 13412
[0.91607774, 0.87412587, 0.95439739, 0.9487395 , 0.99035813,
       0.94773176, 1.        , 0.97233202, 0.52702703, 0.9578714 ,
       0.98255814, 0.94509804, 0.99901283, 1.        ]

model_exp_cbnn3_d0.5_0.4_re_7800
   0    1    2    3    4    5    6    7    8    9   10   11   12   13
[[1021    0    0   24    3    1   18   23    0    0   36    1    0    5]
 [  90  498    0   92    3    0   29    2    0    0    1    0    0    0]
 [   3    0  830    6    0    0    1    4    0    0   73    1    0    3]
 [   0    0    0  973    0    0  115    2    0    5    4    2    4   85]
 [   0    1    0    1  706    0    0    0    0    0    0   18    0    0]
 [   0    1    0   22    1  950    4    9    0    0   10    2   15    0]
 [   0    0    0    0    0    0 1083    0    0    0    0    0    0    0]
 [   0    0    0    1    0    0   26  943    0    0   38    0    3    1]
 [   0    0    0    5    0    1    4   65  462    0   12    3  262    0]
 [   0    0    0    0    0    0   11   13    0  815   63    0    0    0]
 [   0    0    0    0    0    0   22    0    0    3  994    0    0   13]
 [   1    1    0    1   21    0    1    0    0    0    2  738    0    0]
 [   0    0    0    0    0    0    0    0    1    0    4    0 1008    0]
 [   0    0    0    0    0    0    0    0    0    0    0    0    0 1093]]
accuracy 0.903220996122875
total 12114 13412
[0.90194346, 0.6965035 , 0.90119435, 0.81764706, 0.97245179,
       0.93688363, 1.        , 0.93181818, 0.56756757, 0.90354767,
       0.96317829, 0.96470588, 0.99506417, 1.        ]

model_exp_cbnn3_d0.5_0.4_rc_re_7800
     0    1    2    3    4    5    6    7    8    9   10   11   12   13
[[1032    0    0   20    0    1   11   34    0    0   29    1    0    4]
 [ 128  491    0   82    2    0    9    3    0    0    0    0    0    0]
 [   2    0  857    5    0    0    0    2    0    0   51    0    0    4]
 [   0    0    0 1007    0    0   58    2    0    1    6    1    2  113]
 [   0    1    0    1  690    0    0    0    0    0    0   34    0    0]
 [   0    1    0   17    1  957    1    5    0    0    8    0   23    1]
 [   0    0    0    0    0    0 1083    0    0    0    0    0    0    0]
 [   1    0    0    1    0    0    5  963    0    0   38    0    3    1]
 [   0    0    0    5    0    1    1   94  444    0    4    0  264    1]
 [   0    0    0    0    0    0    0   18    0  853   31    0    0    0]
 [   0    0    0    0    0    0    8    0    0    2 1014    0    0    8]
 [   2    0    0    2   16    0    1    0    0    0    1  743    0    0]
 [   0    0    0    0    0    0    0    0    0    0    2    0 1011    0]
 [   0    0    0    0    0    0    0    0    0    0    0    0    0 1093]]
accuracy 0.9124664479570533
total 12238 13412
[0.91166078, 0.68671329, 0.93051031, 0.84621849, 0.95041322,
       0.94378698, 1.        , 0.95158103, 0.54545455, 0.94567627,
       0.98255814, 0.97124183, 0.99802567, 1.        ]